0 - 0 0 0 0
1 - 59 128 128 129
2 - 60 0 128 129
3 - 60 64 192 193
4 - 60 128 128 129
5 - 60 160 160 161
6 - 60 192 192 193
7 - 60 224 224 225
8 - 61 0 128 129
9 - 61 16 144 145
10 - 61 32 160 161
11 - 61 48 176 177

15 - 61 112 240 241
16 - 61 128 128 129
17 - 61 136 136 137

31 - 61 248 248 249
32 - 62 0 128 129
33 - 62 4 132 133
34 - 62 8 136 137
35 - 62 12 140 141
36 - 62 16 144 145

63 - 62 124 252 253
64 - 62 128 128 129
65 - 62 130 130 131

253 - 63 125 253 254
254 - 63 126 254 255
256 - 63 127 255 256

1715 815

146, 135, 162, 105, 100, 14, 165
146, 135, 162, 105, 100, 0, 165
